	<Placemark>
 		<name>Relieve absoluto</name>
 		<styleUrl>#yellowLineGreenPoly1</styleUrl>
 		<LineString>
 			<coordinates> -112.2550785337791,36.07954952145647,2357
 			-112.2549277039738,38.08117083492122,2357
 			-112.2552505069063,38.08260761307279,2357
 			-112.2564540158376,38.08395660588506,2357
 			-112.2580238976449,38.08511401044813,2357
 			-112.2595218489022,38.08584355239394,2357
 			-112.2608216347552,38.08612634548589,2357
 			-112.262073428656,38.08626019085147,2357
 			-112.2633204928495,38.08621519860091,2357
 			-112.2644963846444,38.08627897945274,2357
 			-112.2656969554589,38.08649599090644,2357 </coordinates>
 		</LineString>
	</Placemark>